Calibration:
  cx: 639.1090087890625
  cy: 381.8516845703125
  depth_scale: 0
  distorted: false
  fx: 908.7236938476562
  fy: 907.1197509765625
  height: 720
  k1: 0
  k2: 0
  k3: 0
  p1: 0
  p2: 0
  width: 1280
Dataset:
  dataset_path: /mnt/nova_ssd/workspaces/ai_reconstruction_ws/our_dataset
inherit_from: configs/rgbd/tum/base_config.yaml
